0 0.288745 0.786593 0.084871 0.195572
0 0.316882 0.655597 0.028598 0.049200
0 0.249077 0.654367 0.022140 0.029520
0 0.062269 0.693112 0.037823 0.143911
0 0.102860 0.690037 0.030443 0.145141
0 0.142989 0.686347 0.036900 0.142681
0 0.184502 0.686962 0.040590 0.136531
0 0.052583 0.841328 0.033210 0.034440
0 0.120849 0.830873 0.035055 0.033210
0 0.189114 0.839483 0.035055 0.033210
0 0.194188 0.477245 0.325646 0.265683
0 0.499539 0.551661 0.035978 0.052891
0 0.502306 0.632226 0.026753 0.041820
0 0.505074 0.720787 0.024908 0.039360
0 0.562269 0.551661 0.026753 0.045510
0 0.564114 0.635301 0.021218 0.038130
0 0.563653 0.721402 0.033210 0.043050
0 0.601476 0.819803 0.084871 0.084871
0 0.689114 0.712792 0.027675 0.055351
0 0.690498 0.798278 0.028598 0.044280
0 0.684041 0.634071 0.023063 0.062731
0 0.018450 0.533825 0.033210 0.036900
0 0.684041 0.302583 0.630074 0.435424
0 0.761531 0.673432 0.085793 0.321033
0 0.824723 0.587331 0.040590 0.065191
0 0.889760 0.579951 0.048893 0.094711
0 0.959410 0.593481 0.029520 0.052891
0 0.964483 0.688807 0.028598 0.044280
0 0.899908 0.691882 0.028598 0.047970
0 0.832565 0.692497 0.028598 0.044280
0 0.837177 0.795203 0.039668 0.062731
0 0.933118 0.797048 0.074723 0.095941
0 0.503690 0.816728 0.053506 0.078721
0 0.439114 0.680812 0.070111 0.328413
0 0.714022 0.697417 0.012915 0.066421
0 0.661439 0.629766 0.119926 0.221402
0 0.446033 0.039975 0.089483 0.075031