0 0.995849 0.657442 0.008302 0.018450
0 0.959871 0.627306 0.019373 0.044280
0 0.918358 0.657442 0.056273 0.222632
0 0.804889 0.644526 0.126384 0.137761
0 0.802583 0.530135 0.127306 0.095941
0 0.618081 0.549815 0.075646 0.152522
0 0.635609 0.421894 0.208487 0.130381
0 0.434963 0.391144 0.155904 0.162362
0 0.493542 0.555351 0.027675 0.020910
0 0.372694 0.565191 0.101476 0.163592
0 0.252306 0.659902 0.045203 0.180812
0 0.271679 0.521525 0.069188 0.056581
0 0.196494 0.511685 0.033210 0.039360
0 0.198801 0.627921 0.043358 0.141451
0 0.154059 0.637146 0.025830 0.108241
0 0.093635 0.664822 0.050738 0.084871
0 0.066882 0.612546 0.035978 0.051661
0 0.281827 0.421279 0.054428 0.089791
0 0.822417 0.447724 0.061808 0.081181
0 0.934963 0.528290 0.028598 0.043050
0 0.724631 0.691267 0.019373 0.019680